	Survival estimate for ADNI: 
	[[  0.           1.           1.        ]
 [  6.           0.93166704   0.96870399]
 [ 12.           0.85822348   0.91308418]
 [ 18.           0.84479551   0.902743  ]
 [ 24.           0.75380952   0.82791402]
 [ 36.           0.69433228   0.77751102]
 [ 48.           0.64517047   0.73582817]
 [ 60.           0.62563009   0.72026365]
 [ 72.           0.57288276   0.68044139]
 [ 84.           0.52624205   0.64502124]
 [ 96.           0.45845394   0.60515668]
 [108.           0.36971538   0.59291357]][[  0.           1.        ]
 [  6.           0.95366795]
 [ 12.           0.88877921]
 [ 18.           0.87689713]
 [ 24.           0.79372261]
 [ 36.           0.73860298]
 [ 48.           0.69305037]
 [ 60.           0.6755048 ]
 [ 72.           0.62931643]
 [ 84.           0.58827406]
 [ 96.           0.5347946 ]
 [108.           0.48617691]]	Survival estimate for NACC: 
[[0.00000000e+00 1.00000000e+00 1.00000000e+00]
 [5.48665298e+00 1.00000000e+00 1.00000000e+00]
 [7.65503080e+00 1.00000000e+00 1.00000000e+00]
 [8.01642710e+00 1.00000000e+00 1.00000000e+00]
 [8.50924025e+00 1.00000000e+00 1.00000000e+00]
 [9.65913758e+00 9.82210505e-01 9.99643898e-01]
 [9.92197125e+00 9.82210505e-01 9.99643898e-01]
 [1.04804928e+01 9.79932924e-01 9.98732879e-01]
 [1.05790554e+01 9.76657964e-01 9.97546218e-01]
 [1.06119097e+01 9.76657964e-01 9.97546218e-01]
 [1.07104723e+01 9.76657964e-01 9.97546218e-01]
 [1.07433265e+01 9.76657964e-01 9.97546218e-01]
 [1.08418891e+01 9.73210438e-01 9.96182327e-01]
 [1.10390144e+01 9.69779711e-01 9.94698115e-01]
 [1.10718686e+01 9.63012332e-01 9.91471426e-01]
 [1.12361396e+01 9.59678948e-01 9.89760540e-01]
 [1.12689938e+01 9.59678948e-01 9.89760540e-01]
 [1.13018480e+01 9.59678948e-01 9.89760540e-01]
 [1.13347023e+01 9.56358540e-01 9.87993484e-01]
 [1.13675565e+01 9.53062004e-01 9.86180301e-01]
 [1.14332649e+01 9.49798672e-01 9.84330069e-01]
 [1.14989733e+01 9.49798672e-01 9.84330069e-01]
 [1.15318275e+01 9.46540862e-01 9.82439460e-01]
 [1.16303901e+01 9.46540862e-01 9.82439460e-01]
 [1.16632444e+01 9.46540862e-01 9.82439460e-01]
 [1.16960986e+01 9.43238025e-01 9.80495056e-01]
 [1.17289528e+01 9.43238025e-01 9.80495056e-01]
 [1.17618070e+01 9.36642055e-01 9.76500806e-01]
 [1.17946612e+01 9.30095758e-01 9.72396411e-01]
 [1.18275154e+01 9.30095758e-01 9.72396411e-01]
 [1.18603696e+01 9.30095758e-01 9.72396411e-01]
 [1.18932238e+01 9.26830883e-01 9.70304706e-01]
 [1.19260780e+01 9.23573817e-01 9.68189916e-01]
 [1.19589322e+01 9.13838249e-01 9.61717476e-01]
 [1.19917864e+01 9.10625145e-01 9.59530477e-01]
 [1.20246407e+01 9.10625145e-01 9.59530477e-01]
 [1.20574949e+01 9.10625145e-01 9.59530477e-01]
 [1.20903491e+01 9.10625145e-01 9.59530477e-01]
 [1.21889117e+01 9.04147301e-01 9.55074808e-01]
 [1.22217659e+01 9.04147301e-01 9.55074808e-01]
 [1.22546201e+01 9.00893091e-01 9.52811826e-01]
 [1.23203285e+01 9.00893091e-01 9.52811826e-01]
 [1.23860370e+01 8.97627955e-01 9.50525744e-01]
 [1.24188912e+01 8.94363564e-01 9.48222503e-01]
 [1.24845996e+01 8.94363564e-01 9.48222503e-01]
 [1.25503080e+01 8.91087080e-01 9.45896635e-01]
 [1.25831622e+01 8.91087080e-01 9.45896635e-01]
 [1.26160164e+01 8.91087080e-01 9.45896635e-01]
 [1.26488706e+01 8.91087080e-01 9.45896635e-01]
 [1.26817248e+01 8.91087080e-01 9.45896635e-01]
 [1.27145791e+01 8.91087080e-01 9.45896635e-01]
 [1.27802875e+01 8.91087080e-01 9.45896635e-01]
 [1.28459959e+01 8.91087080e-01 9.45896635e-01]
 [1.28788501e+01 8.91087080e-01 9.45896635e-01]
 [1.29117043e+01 8.91087080e-01 9.45896635e-01]
 [1.29445585e+01 8.91087080e-01 9.45896635e-01]
 [1.30102669e+01 8.91087080e-01 9.45896635e-01]
 [1.30431211e+01 8.91087080e-01 9.45896635e-01]
 [1.30759754e+01 8.87515220e-01 9.43415615e-01]
 [1.31088296e+01 8.87515220e-01 9.43415615e-01]
 [1.31416838e+01 8.87515220e-01 9.43415615e-01]
 [1.32073922e+01 8.87515220e-01 9.43415615e-01]
 [1.32731006e+01 8.83855737e-01 9.40873907e-01]
 [1.33059548e+01 8.80198446e-01 9.38312190e-01]
 [1.33388090e+01 8.72902296e-01 9.33137587e-01]
 [1.33716632e+01 8.72902296e-01 9.33137587e-01]
 [1.34373717e+01 8.72902296e-01 9.33137587e-01]
 [1.34702259e+01 8.72902296e-01 9.33137587e-01]
 [1.35359343e+01 8.69214975e-01 9.30502987e-01]
 [1.35687885e+01 8.65542693e-01 9.27857035e-01]
 [1.36016427e+01 8.65542693e-01 9.27857035e-01]
 [1.37002053e+01 8.65542693e-01 9.27857035e-01]
 [1.37987680e+01 8.65542693e-01 9.27857035e-01]
 [1.38316222e+01 8.61820910e-01 9.25168918e-01]
 [1.38973306e+01 8.58113494e-01 9.22469927e-01]
 [1.40287474e+01 8.58113494e-01 9.22469927e-01]
 [1.40616016e+01 8.58113494e-01 9.22469927e-01]
 [1.41601643e+01 8.58113494e-01 9.22469927e-01]
 [1.42258727e+01 8.58113494e-01 9.22469927e-01]
 [1.42587269e+01 8.54337521e-01 9.19719498e-01]
 [1.42915811e+01 8.54337521e-01 9.19719498e-01]
 [1.43572895e+01 8.54337521e-01 9.19719498e-01]
 [1.43901437e+01 8.54337521e-01 9.19719498e-01]
 [1.46201232e+01 8.54337521e-01 9.19719498e-01]
 [1.48172485e+01 8.54337521e-01 9.19719498e-01]
 [1.48829569e+01 8.54337521e-01 9.19719498e-01]
 [1.49815195e+01 8.50472555e-01 9.16907087e-01]
 [1.50472279e+01 8.50472555e-01 9.16907087e-01]
 [1.50800821e+01 8.46586923e-01 9.14066006e-01]
 [1.51457906e+01 8.46586923e-01 9.14066006e-01]
 [1.51786448e+01 8.46586923e-01 9.14066006e-01]
 [1.56714579e+01 8.46586923e-01 9.14066006e-01]
 [1.57700205e+01 8.46586923e-01 9.14066006e-01]
 [1.58685832e+01 8.42605836e-01 9.11159076e-01]
 [1.59014374e+01 8.42605836e-01 9.11159076e-01]
 [1.60000000e+01 8.38621220e-01 9.08231501e-01]
 [1.60328542e+01 8.38621220e-01 9.08231501e-01]
 [1.60657084e+01 8.34613246e-01 9.05273718e-01]
 [1.60985626e+01 8.26640347e-01 8.99326416e-01]
 [1.61642710e+01 8.26640347e-01 8.99326416e-01]
 [1.62628337e+01 8.26640347e-01 8.99326416e-01]
 [1.62956879e+01 8.26640347e-01 8.99326416e-01]
 [1.64271047e+01 8.22576020e-01 8.96286657e-01]
 [1.65585216e+01 8.22576020e-01 8.96286657e-01]
 [1.65913758e+01 8.22576020e-01 8.96286657e-01]
 [1.67885010e+01 8.22576020e-01 8.96286657e-01]
 [1.68213552e+01 8.18443806e-01 8.93194162e-01]
 [1.69856263e+01 8.14304935e-01 8.90080295e-01]
 [1.72813142e+01 8.10179917e-01 8.86956194e-01]
 [1.75441478e+01 8.06068133e-01 8.83822215e-01]
 [1.78726899e+01 8.06068133e-01 8.83822215e-01]
 [1.90225873e+01 8.06068133e-01 8.83822215e-01]
 [1.90882957e+01 8.06068133e-01 8.83822215e-01]
 [1.96796715e+01 8.01883589e-01 8.80632946e-01]
 [1.99425051e+01 8.01883589e-01 8.80632946e-01]
 [2.03039014e+01 8.01883589e-01 8.80632946e-01]
 [2.04353183e+01 8.01883589e-01 8.80632946e-01]
 [2.05338809e+01 8.01883589e-01 8.80632946e-01]
 [2.12566735e+01 8.01883589e-01 8.80632946e-01]
 [2.13880903e+01 8.01883589e-01 8.80632946e-01]
 [2.15523614e+01 8.01883589e-01 8.80632946e-01]
 [2.15852156e+01 8.01883589e-01 8.80632946e-01]
 [2.17823409e+01 8.01883589e-01 8.80632946e-01]
 [2.18151951e+01 8.01883589e-01 8.80632946e-01]
 [2.19794661e+01 7.97482882e-01 8.77312469e-01]
 [2.22094456e+01 7.97482882e-01 8.77312469e-01]
 [2.22422998e+01 7.97482882e-01 8.77312469e-01]
 [2.23080082e+01 7.97482882e-01 8.77312469e-01]
 [2.23408624e+01 7.97482882e-01 8.77312469e-01]
 [2.27022587e+01 7.92998930e-01 8.73929290e-01]
 [2.27679671e+01 7.88530881e-01 8.70534719e-01]
 [2.28008214e+01 7.88530881e-01 8.70534719e-01]
 [2.29322382e+01 7.84052748e-01 8.67115716e-01]
 [2.29650924e+01 7.84052748e-01 8.67115716e-01]
 [2.29979466e+01 7.84052748e-01 8.67115716e-01]
 [2.31950719e+01 7.84052748e-01 8.67115716e-01]
 [2.32279261e+01 7.79485559e-01 8.63630539e-01]
 [2.32607803e+01 7.79485559e-01 8.63630539e-01]
 [2.33264887e+01 7.79485559e-01 8.63630539e-01]
 [2.34250513e+01 7.79485559e-01 8.63630539e-01]
 [2.34579055e+01 7.74852828e-01 8.60091049e-01]
 [2.36550308e+01 7.74852828e-01 8.60091049e-01]
 [2.36878850e+01 7.70180341e-01 8.56510520e-01]
 [2.37864476e+01 7.65523664e-01 8.52918583e-01]
 [2.38193018e+01 7.65523664e-01 8.52918583e-01]
 [2.38521561e+01 7.60853883e-01 8.49300277e-01]
 [2.38850103e+01 7.60853883e-01 8.49300277e-01]
 [2.39178645e+01 7.56170378e-01 8.45655465e-01]
 [2.39507187e+01 7.51472540e-01 8.41983989e-01]
 [2.39835729e+01 7.51472540e-01 8.41983989e-01]
 [2.40164271e+01 7.51472540e-01 8.41983989e-01]
 [2.40492813e+01 7.51472540e-01 8.41983989e-01]
 [2.41149897e+01 7.51472540e-01 8.41983989e-01]
 [2.41478439e+01 7.51472540e-01 8.41983989e-01]
 [2.41806982e+01 7.51472540e-01 8.41983989e-01]
 [2.42135524e+01 7.46607673e-01 8.38202474e-01]
 [2.43121150e+01 7.46607673e-01 8.38202474e-01]
 [2.43778234e+01 7.41695139e-01 8.34374731e-01]
 [2.44435318e+01 7.41695139e-01 8.34374731e-01]
 [2.46078029e+01 7.36766214e-01 8.30517579e-01]
 [2.46406571e+01 7.36766214e-01 8.30517579e-01]
 [2.47063655e+01 7.36766214e-01 8.30517579e-01]
 [2.47720739e+01 7.36766214e-01 8.30517579e-01]
 [2.48377823e+01 7.36766214e-01 8.30517579e-01]
 [2.48706366e+01 7.31719046e-01 8.26575433e-01]
 [2.50020534e+01 7.31719046e-01 8.26575433e-01]
 [2.51991786e+01 7.31719046e-01 8.26575433e-01]
 [2.52648871e+01 7.31719046e-01 8.26575433e-01]
 [2.52977413e+01 7.26583263e-01 8.22563616e-01]
 [2.53305955e+01 7.26583263e-01 8.22563616e-01]
 [2.54291581e+01 7.26583263e-01 8.22563616e-01]
 [2.55277207e+01 7.26583263e-01 8.22563616e-01]
 [2.56919918e+01 7.21317381e-01 8.18459065e-01]
 [2.57248460e+01 7.21317381e-01 8.18459065e-01]
 [2.57577002e+01 7.21317381e-01 8.18459065e-01]
 [2.60205339e+01 7.21317381e-01 8.18459065e-01]
 [2.60533881e+01 7.21317381e-01 8.18459065e-01]
 [2.62176591e+01 7.15913897e-01 8.14256922e-01]
 [2.62833676e+01 7.10489612e-01 8.10018873e-01]
 [2.66447639e+01 7.10489612e-01 8.10018873e-01]
 [2.68418891e+01 7.10489612e-01 8.10018873e-01]
 [2.69075975e+01 7.05001907e-01 8.05721959e-01]
 [2.71375770e+01 7.05001907e-01 8.05721959e-01]
 [2.71704312e+01 6.99491485e-01 8.01387821e-01]
 [2.72032854e+01 6.94000499e-01 7.97039676e-01]
 [2.73018480e+01 6.82988180e-01 7.88254827e-01]
 [2.74332649e+01 6.77509183e-01 7.83842498e-01]
 [2.75318275e+01 6.77509183e-01 7.83842498e-01]
 [2.77618070e+01 6.77509183e-01 7.83842498e-01]
 [2.80903491e+01 6.77509183e-01 7.83842498e-01]
 [2.85503080e+01 6.77509183e-01 7.83842498e-01]
 [2.86817248e+01 6.77509183e-01 7.83842498e-01]
 [2.90431211e+01 6.71819916e-01 7.79289253e-01]
 [2.92073922e+01 6.66149971e-01 7.74721884e-01]
 [2.93388090e+01 6.66149971e-01 7.74721884e-01]
 [2.93716632e+01 6.66149971e-01 7.74721884e-01]
 [2.95687885e+01 6.60352410e-01 7.70058382e-01]
 [2.96673511e+01 6.54574595e-01 7.65380404e-01]
 [2.97987680e+01 6.54574595e-01 7.65380404e-01]
 [3.00616016e+01 6.48713660e-01 7.60630354e-01]
 [3.01273101e+01 6.42872374e-01 7.55865808e-01]
 [3.07515400e+01 6.36997363e-01 7.51056868e-01]
 [3.16386037e+01 6.31087524e-01 7.46202727e-01]
 [3.18685832e+01 6.31087524e-01 7.46202727e-01]
 [3.20985626e+01 6.25141731e-01 7.41302540e-01]
 [3.21642710e+01 6.19215032e-01 7.36388057e-01]
 [3.26899384e+01 6.13306863e-01 7.31459610e-01]
 [3.29856263e+01 6.13306863e-01 7.31459610e-01]
 [3.33141684e+01 6.13306863e-01 7.31459610e-01]
 [3.34127310e+01 6.13306863e-01 7.31459610e-01]
 [3.35770021e+01 6.07243559e-01 7.26415751e-01]
 [3.36098563e+01 6.07243559e-01 7.26415751e-01]
 [3.39055441e+01 6.07243559e-01 7.26415751e-01]
 [3.44969199e+01 6.01078148e-01 7.21286230e-01]
 [3.46283368e+01 6.01078148e-01 7.21286230e-01]
 [3.49568789e+01 6.01078148e-01 7.21286230e-01]
 [3.50554415e+01 5.94806091e-01 7.16067515e-01]
 [3.50882957e+01 5.88489522e-01 7.10794657e-01]
 [3.51211499e+01 5.82194262e-01 7.05505782e-01]
 [3.51868583e+01 5.69665324e-01 6.94881356e-01]
 [3.52197125e+01 5.69665324e-01 6.94881356e-01]
 [3.53182752e+01 5.69665324e-01 6.94881356e-01]
 [3.54825462e+01 5.69665324e-01 6.94881356e-01]
 [3.55482546e+01 5.69665324e-01 6.94881356e-01]
 [3.56468172e+01 5.69665324e-01 6.94881356e-01]
 [3.58110883e+01 5.69665324e-01 6.94881356e-01]
 [3.59096509e+01 5.69665324e-01 6.94881356e-01]
 [3.64024641e+01 5.69665324e-01 6.94881356e-01]
 [3.65338809e+01 5.69665324e-01 6.94881356e-01]
 [3.69938398e+01 5.69665324e-01 6.94881356e-01]
 [3.71909651e+01 5.69665324e-01 6.94881356e-01]
 [3.74537988e+01 5.69665324e-01 6.94881356e-01]
 [3.77823409e+01 5.62032362e-01 6.88755959e-01]
 [3.81765914e+01 5.54437841e-01 6.82602758e-01]
 [3.83080082e+01 5.46880340e-01 6.76422627e-01]
 [3.84394251e+01 5.39358554e-01 6.70216362e-01]
 [3.86036961e+01 5.39358554e-01 6.70216362e-01]
 [3.87679671e+01 5.39358554e-01 6.70216362e-01]
 [3.88993840e+01 5.39358554e-01 6.70216362e-01]
 [3.92936345e+01 5.39358554e-01 6.70216362e-01]
 [3.97207392e+01 5.31325375e-01 6.63686193e-01]
 [3.97535934e+01 5.31325375e-01 6.63686193e-01]
 [4.09363450e+01 5.23092704e-01 6.56995444e-01]
 [4.11663244e+01 5.14905156e-01 6.50271825e-01]
 [4.12648871e+01 5.14905156e-01 6.50271825e-01]
 [4.14948665e+01 5.14905156e-01 6.50271825e-01]
 [4.15934292e+01 5.14905156e-01 6.50271825e-01]
 [4.16919918e+01 5.06365714e-01 6.43303555e-01]
 [4.17905544e+01 4.97875501e-01 6.36299354e-01]
 [4.20533881e+01 4.97875501e-01 6.36299354e-01]
 [4.22176591e+01 4.97875501e-01 6.36299354e-01]
 [4.23162218e+01 4.89144066e-01 6.29104502e-01]
 [4.31704312e+01 4.89144066e-01 6.29104502e-01]
 [4.56016427e+01 4.80153324e-01 6.21705791e-01]
 [4.67186858e+01 4.71218260e-01 6.14266288e-01]
 [4.67515400e+01 4.71218260e-01 6.14266288e-01]
 [4.68829569e+01 4.71218260e-01 6.14266288e-01]
 [4.72443532e+01 4.61998857e-01 6.06605024e-01]
 [4.78357290e+01 4.61998857e-01 6.06605024e-01]
 [4.79014374e+01 4.52658305e-01 5.98803848e-01]
 [4.80657084e+01 4.43378373e-01 5.90957977e-01]
 [4.80985626e+01 4.43378373e-01 5.90957977e-01]
 [4.82299795e+01 4.33966781e-01 5.82964500e-01]
 [4.85913758e+01 4.33966781e-01 5.82964500e-01]
 [4.87556468e+01 4.33966781e-01 5.82964500e-01]
 [4.89856263e+01 4.24207754e-01 5.74703912e-01]
 [5.01026694e+01 4.24207754e-01 5.74703912e-01]
 [5.01355236e+01 4.24207754e-01 5.74703912e-01]
 [5.15482546e+01 4.14068013e-01 5.66152709e-01]
 [5.16139630e+01 4.14068013e-01 5.66152709e-01]
 [5.25010267e+01 4.03762461e-01 5.57416253e-01]
 [5.34866530e+01 3.93536726e-01 5.48620658e-01]
 [5.36180698e+01 3.83388279e-01 5.39767472e-01]
 [5.38809035e+01 3.73314875e-01 5.30858037e-01]
 [5.40451745e+01 3.73314875e-01 5.30858037e-01]
 [5.73963039e+01 3.73314875e-01 5.30858037e-01]
 [5.74948665e+01 3.73314875e-01 5.30858037e-01]
 [5.84147844e+01 3.62472541e-01 5.21430560e-01]
 [5.95646817e+01 3.62472541e-01 5.21430560e-01]
 [5.96303901e+01 3.51407195e-01 5.11763695e-01]
 [6.07145791e+01 3.51407195e-01 5.11763695e-01]
 [6.13716632e+01 3.39742192e-01 5.01652377e-01]
 [6.55112936e+01 3.28195005e-01 4.91453223e-01]
 [6.55441478e+01 3.16762158e-01 4.81168340e-01]
 [6.60698152e+01 3.16762158e-01 4.81168340e-01]
 [6.75811088e+01 3.16762158e-01 4.81168340e-01]
 [6.99137577e+01 3.16762158e-01 4.81168340e-01]
 [7.08336756e+01 3.16762158e-01 4.81168340e-01]
 [7.19507187e+01 3.16762158e-01 4.81168340e-01]
 [7.22792608e+01 3.16762158e-01 4.81168340e-01]
 [7.35605749e+01 3.16762158e-01 4.81168340e-01]
 [7.71088296e+01 3.01920420e-01 4.69073685e-01]
 [7.76344969e+01 3.01920420e-01 4.69073685e-01]
 [8.02299795e+01 3.01920420e-01 4.69073685e-01]
 [8.09856263e+01 2.85891658e-01 4.56168782e-01]
 [8.16755647e+01 2.70186427e-01 4.43025760e-01]
 [8.21026694e+01 2.70186427e-01 4.43025760e-01]
 [8.34168378e+01 2.53929080e-01 4.29275058e-01]
 [8.40739220e+01 2.53929080e-01 4.29275058e-01]
 [8.42710472e+01 2.53929080e-01 4.29275058e-01]
 [8.44024641e+01 2.53929080e-01 4.29275058e-01]
 [8.44681725e+01 2.53929080e-01 4.29275058e-01]
 [8.50595483e+01 2.53929080e-01 4.29275058e-01]
 [8.51581109e+01 2.53929080e-01 4.29275058e-01]
 [8.55523614e+01 2.53929080e-01 4.29275058e-01]
 [8.60123203e+01 2.53929080e-01 4.29275058e-01]
 [8.73921971e+01 2.25223733e-01 4.11339251e-01]
 [9.03162218e+01 2.25223733e-01 4.11339251e-01]
 [9.20574949e+01 2.25223733e-01 4.11339251e-01]
 [9.41601643e+01 2.25223733e-01 4.11339251e-01]
 [9.45215606e+01 2.25223733e-01 4.11339251e-01]
 [9.57700205e+01 1.73957460e-01 3.89434132e-01]
 [9.61971253e+01 1.73957460e-01 3.89434132e-01]
 [9.65256674e+01 1.73957460e-01 3.89434132e-01]
 [1.00763860e+02 1.73957460e-01 3.89434132e-01]
 [1.01355236e+02 8.71876174e-02 3.63181855e-01]
 [1.07498973e+02 3.42144465e-02 3.13944301e-01]
 [1.07893224e+02 3.42144465e-02 3.13944301e-01]
 [1.36377823e+02 3.42144465e-02 3.13944301e-01]][[  0.           1.        ]
 [  5.48665298   1.        ]
 [  7.6550308    1.        ]
 [  8.0164271    1.        ]
 [  8.50924025   1.        ]
 [  9.65913758   0.99747475]
 [  9.92197125   0.99747475]
 [ 10.48049281   0.99494309]
 [ 10.57905544   0.99241142]
 [ 10.61190965   0.99241142]
 [ 10.71047228   0.99241142]
 [ 10.74332649   0.99241142]
 [ 10.84188912   0.98986024]
 [ 11.03901437   0.98730905]
 [ 11.07186858   0.98219346]
 [ 11.23613963   0.97962899]
 [ 11.26899384   0.97962899]
 [ 11.30184805   0.97962899]
 [ 11.33470226   0.97705102]
 [ 11.36755647   0.97446622]
 [ 11.43326489   0.97188143]
 [ 11.49897331   0.97188143]
 [ 11.53182752   0.96928282]
 [ 11.63039014   0.96928282]
 [ 11.66324435   0.96928282]
 [ 11.69609856   0.96664172]
 [ 11.72895277   0.96664172]
 [ 11.76180698   0.96131587]
 [ 11.79466119   0.95596035]
 [ 11.8275154    0.95596035]
 [ 11.86036961   0.95596035]
 [ 11.89322382   0.95326751]
 [ 11.92607803   0.95056703]
 [ 11.95893224   0.94241931]
 [ 11.99178645   0.93970341]
 [ 12.02464066   0.93970341]
 [ 12.05749487   0.93970341]
 [ 12.09034908   0.93970341]
 [ 12.1889117    0.93420807]
 [ 12.22176591   0.93420807]
 [ 12.25462012   0.93143594]
 [ 12.32032854   0.93143594]
 [ 12.38603696   0.92864721]
 [ 12.41889117   0.92585008]
 [ 12.48459959   0.92585008]
 [ 12.55030801   0.92303594]
 [ 12.58316222   0.92303594]
 [ 12.61601643   0.92303594]
 [ 12.64887064   0.92303594]
 [ 12.68172485   0.92303594]
 [ 12.71457906   0.92303594]
 [ 12.78028747   0.92303594]
 [ 12.84599589   0.92303594]
 [ 12.8788501    0.92303594]
 [ 12.91170431   0.92303594]
 [ 12.94455852   0.92303594]
 [ 13.01026694   0.92303594]
 [ 13.04312115   0.92303594]
 [ 13.07597536   0.92000959]
 [ 13.10882957   0.92000959]
 [ 13.14168378   0.92000959]
 [ 13.2073922    0.92000959]
 [ 13.27310062   0.91691192]
 [ 13.30595483   0.91380374]
 [ 13.33880903   0.90756618]
 [ 13.37166324   0.90756618]
 [ 13.43737166   0.90756618]
 [ 13.47022587   0.90756618]
 [ 13.53593429   0.90440392]
 [ 13.5687885    0.90124167]
 [ 13.60164271   0.90124167]
 [ 13.70020534   0.90124167]
 [ 13.79876797   0.90124167]
 [ 13.83162218   0.89803441]
 [ 13.8973306    0.89482714]
 [ 14.02874743   0.89482714]
 [ 14.06160164   0.89482714]
 [ 14.16016427   0.89482714]
 [ 14.22587269   0.89482714]
 [ 14.2587269    0.89156135]
 [ 14.29158111   0.89156135]
 [ 14.35728953   0.89156135]
 [ 14.39014374   0.89156135]
 [ 14.6201232    0.89156135]
 [ 14.81724846   0.89156135]
 [ 14.88295688   0.89156135]
 [ 14.98151951   0.88822217]
 [ 15.04722793   0.88822217]
 [ 15.08008214   0.88485769]
 [ 15.14579055   0.88485769]
 [ 15.17864476   0.88485769]
 [ 15.67145791   0.88485769]
 [ 15.77002053   0.88485769]
 [ 15.86858316   0.88141466]
 [ 15.90143737   0.88141466]
 [ 16.           0.87795814]
 [ 16.03285421   0.87795814]
 [ 16.06570842   0.87447417]
 [ 16.09856263   0.86750625]
 [ 16.16427105   0.86750625]
 [ 16.26283368   0.86750625]
 [ 16.29568789   0.86750625]
 [ 16.42710472   0.8639509 ]
 [ 16.55852156   0.8639509 ]
 [ 16.59137577   0.8639509 ]
 [ 16.78850103   0.8639509 ]
 [ 16.82135524   0.86033604]
 [ 16.98562628   0.85670593]
 [ 17.28131417   0.85307582]
 [ 17.54414784   0.84944571]
 [ 17.87268994   0.84944571]
 [ 19.02258727   0.84944571]
 [ 19.08829569   0.84944571]
 [ 19.67967146   0.84575247]
 [ 19.94250513   0.84575247]
 [ 20.30390144   0.84575247]
 [ 20.43531828   0.84575247]
 [ 20.5338809    0.84575247]
 [ 21.25667351   0.84575247]
 [ 21.38809035   0.84575247]
 [ 21.5523614    0.84575247]
 [ 21.58521561   0.84575247]
 [ 21.78234086   0.84575247]
 [ 21.81519507   0.84575247]
 [ 21.97946612   0.84189059]
 [ 22.20944559   0.84189059]
 [ 22.24229979   0.84189059]
 [ 22.30800821   0.84189059]
 [ 22.34086242   0.84189059]
 [ 22.70225873   0.83795652]
 [ 22.76796715   0.83402245]
 [ 22.80082136   0.83402245]
 [ 22.93223819   0.83006974]
 [ 22.9650924    0.83006974]
 [ 22.99794661   0.83006974]
 [ 23.19507187   0.83006974]
 [ 23.22792608   0.82604027]
 [ 23.26078029   0.82604027]
 [ 23.32648871   0.82604027]
 [ 23.42505133   0.82604027]
 [ 23.45790554   0.82195096]
 [ 23.6550308    0.82195096]
 [ 23.68788501   0.81782056]
 [ 23.78644764   0.81369015]
 [ 23.81930185   0.81369015]
 [ 23.85215606   0.80953867]
 [ 23.88501027   0.80953867]
 [ 23.91786448   0.80536579]
 [ 23.95071869   0.80117118]
 [ 23.9835729    0.80117118]
 [ 24.0164271    0.80117118]
 [ 24.04928131   0.80117118]
 [ 24.11498973   0.80117118]
 [ 24.14784394   0.80117118]
 [ 24.18069815   0.80117118]
 [ 24.21355236   0.79684052]
 [ 24.31211499   0.79684052]
 [ 24.37782341   0.79246228]
 [ 24.44353183   0.79246228]
 [ 24.60780287   0.78805971]
 [ 24.64065708   0.78805971]
 [ 24.7063655    0.78805971]
 [ 24.77207392   0.78805971]
 [ 24.83778234   0.78805971]
 [ 24.87063655   0.78355651]
 [ 25.00205339   0.78355651]
 [ 25.19917864   0.78355651]
 [ 25.26488706   0.78355651]
 [ 25.29774127   0.77897431]
 [ 25.33059548   0.77897431]
 [ 25.42915811   0.77897431]
 [ 25.52772074   0.77897431]
 [ 25.69199179   0.77428169]
 [ 25.724846     0.77428169]
 [ 25.75770021   0.77428169]
 [ 26.02053388   0.77428169]
 [ 26.05338809   0.77428169]
 [ 26.21765914   0.76947249]
 [ 26.28336756   0.76463304]
 [ 26.64476386   0.76463304]
 [ 26.84188912   0.76463304]
 [ 26.90759754   0.75973155]
 [ 27.137577     0.75973155]
 [ 27.17043121   0.75479822]
 [ 27.20328542   0.7498649 ]
 [ 27.30184805   0.73993292]
 [ 27.43326489   0.73496692]
 [ 27.53182752   0.73496692]
 [ 27.76180698   0.73496692]
 [ 28.09034908   0.73496692]
 [ 28.55030801   0.73496692]
 [ 28.68172485   0.73496692]
 [ 29.04312115   0.7298273 ]
 [ 29.2073922    0.72468767]
 [ 29.33880903   0.72468767]
 [ 29.37166324   0.72468767]
 [ 29.5687885    0.71943631]
 [ 29.66735113   0.71418495]
 [ 29.79876797   0.71418495]
 [ 30.06160164   0.70885521]
 [ 30.12731006   0.70352547]
 [ 30.75154004   0.69815505]
 [ 31.6386037    0.69274299]
 [ 31.86858316   0.69274299]
 [ 32.09856263   0.68728832]
 [ 32.16427105   0.68183365]
 [ 32.6899384    0.67637898]
 [ 32.98562628   0.67637898]
 [ 33.31416838   0.67637898]
 [ 33.41273101   0.67637898]
 [ 33.57700205   0.67078908]
 [ 33.60985626   0.67078908]
 [ 33.90554415   0.67078908]
 [ 34.49691992   0.66510442]
 [ 34.62833676   0.66510442]
 [ 34.95687885   0.66510442]
 [ 35.05544148   0.65932091]
 [ 35.08829569   0.65348621]
 [ 35.1211499    0.64765151]
 [ 35.18685832   0.63598211]
 [ 35.21971253   0.63598211]
 [ 35.31827515   0.63598211]
 [ 35.4825462    0.63598211]
 [ 35.54825462   0.63598211]
 [ 35.64681725   0.63598211]
 [ 35.8110883    0.63598211]
 [ 35.90965092   0.63598211]
 [ 36.40246407   0.63598211]
 [ 36.5338809    0.63598211]
 [ 36.99383984   0.63598211]
 [ 37.19096509   0.63598211]
 [ 37.45379877   0.63598211]
 [ 37.78234086   0.62906926]
 [ 38.17659138   0.62215641]
 [ 38.30800821   0.61524357]
 [ 38.43942505   0.60833072]
 [ 38.6036961    0.60833072]
 [ 38.76796715   0.60833072]
 [ 38.89938398   0.60833072]
 [ 39.2936345    0.60833072]
 [ 39.72073922   0.60100143]
 [ 39.75359343   0.60100143]
 [ 40.93634497   0.59348891]
 [ 41.16632444   0.58597639]
 [ 41.26488706   0.58597639]
 [ 41.49486653   0.58597639]
 [ 41.59342916   0.58597639]
 [ 41.69199179   0.57816338]
 [ 41.79055441   0.57035036]
 [ 42.05338809   0.57035036]
 [ 42.21765914   0.57035036]
 [ 42.31622177   0.56231725]
 [ 43.17043121   0.56231725]
 [ 45.60164271   0.55404788]
 [ 46.71868583   0.54577851]
 [ 46.75154004   0.54577851]
 [ 46.88295688   0.54577851]
 [ 47.24435318   0.53725072]
 [ 47.83572895   0.53725072]
 [ 47.90143737   0.52858539]
 [ 48.06570842   0.51992005]
 [ 48.09856263   0.51992005]
 [ 48.22997947   0.51110785]
 [ 48.59137577   0.51110785]
 [ 48.75564682   0.51110785]
 [ 48.98562628   0.50198092]
 [ 50.1026694    0.50198092]
 [ 50.13552361   0.50198092]
 [ 51.54825462   0.49250959]
 [ 51.61396304   0.49250959]
 [ 52.50102669   0.48285253]
 [ 53.48665298   0.47319548]
 [ 53.61806982   0.46353843]
 [ 53.88090349   0.45388138]
 [ 54.04517454   0.45388138]
 [ 57.3963039    0.45388138]
 [ 57.49486653   0.45388138]
 [ 58.41478439   0.4435659 ]
 [ 59.56468172   0.4435659 ]
 [ 59.63039014   0.4330048 ]
 [ 60.71457906   0.4330048 ]
 [ 61.37166324   0.42190212]
 [ 65.51129363   0.41079943]
 [ 65.54414784   0.39969674]
 [ 66.0698152    0.39969674]
 [ 67.58110883   0.39969674]
 [ 69.9137577    0.39969674]
 [ 70.83367556   0.39969674]
 [ 71.95071869   0.39969674]
 [ 72.27926078   0.39969674]
 [ 73.56057495   0.39969674]
 [ 77.10882957   0.3859141 ]
 [ 77.63449692   0.3859141 ]
 [ 80.22997947   0.3859141 ]
 [ 80.98562628   0.37107125]
 [ 81.67556468   0.3562284 ]
 [ 82.1026694    0.3562284 ]
 [ 83.41683778   0.3407402 ]
 [ 84.07392197   0.3407402 ]
 [ 84.27104723   0.3407402 ]
 [ 84.40246407   0.3407402 ]
 [ 84.46817248   0.3407402 ]
 [ 85.05954825   0.3407402 ]
 [ 85.15811088   0.3407402 ]
 [ 85.5523614    0.3407402 ]
 [ 86.01232033   0.3407402 ]
 [ 87.39219713   0.31640162]
 [ 90.31622177   0.31640162]
 [ 92.05749487   0.31640162]
 [ 94.16016427   0.31640162]
 [ 94.52156057   0.31640162]
 [ 95.77002053   0.27685142]
 [ 96.19712526   0.27685142]
 [ 96.52566735   0.27685142]
 [100.76386037   0.27685142]
 [101.35523614   0.20763856]
 [107.49897331   0.13842571]
 [107.89322382   0.13842571]
 [136.37782341   0.13842571]]