count    62          55          37         390
mean     15.7258     16.1091     16.5135     16.1923
std       2.93743     2.56524     2.65227     2.63776
min       6          12          12          10
25%      14          14          14          14
50%      16          16          16          16
75%      18          18          19          18
max      20          20          20          20

count    63           46         21         378
mean     15.8254      14.9565    15.619      15.6931
std       3.07193      2.4491     2.45919     2.56191
min       8           10         12           8
25%      13           13         14          14
50%      16           15         16          16
75%      18           16         18          18
max      20           20         19          22